"season","team","points","w","d","l","gf","ga","gd","pld","pld_h","pld_a","pts_h","pts_a","w_h","w_a","d_h","d_a","l_h","l_a","gf_h","gf_a","ga_h","ga_a","gd_h","gd_a"
"2017-18","Manchester City",100,32,4,2,106,27,79,38,19,19,50,50,16,16,2,2,1,1,61,45,14,13,47,32
"2017-18","Manchester United",81,25,6,7,68,28,40,38,19,19,47,34,15,10,2,4,2,5,38,30,9,19,29,11
"2017-18","Tottenham Hotspur",77,23,8,7,74,36,38,38,19,19,43,34,13,10,4,4,2,5,40,34,16,20,24,14
"2017-18","Liverpool",75,21,12,5,84,38,46,38,19,19,43,32,12,9,7,5,0,5,45,39,10,28,35,11
"2017-18","Chelsea",70,21,7,10,62,38,24,38,19,19,37,33,11,10,4,3,4,6,30,32,16,22,14,10
"2017-18","Arsenal",63,19,6,13,74,51,23,38,19,19,47,16,15,4,2,4,2,11,54,20,20,31,34,-11
"2017-18","Burnley",54,14,12,12,36,39,-3,38,19,19,26,28,7,7,5,7,7,5,16,20,17,22,-1,-2
"2017-18","Everton",49,13,10,15,44,58,-14,38,19,19,34,15,10,3,4,6,5,10,28,16,22,36,6,-20
"2017-18","Leicester City",47,12,11,15,56,60,-4,38,19,19,27,20,7,5,6,5,6,9,25,31,22,38,3,-7
"2017-18","Newcastle United",44,12,8,18,39,47,-8,38,19,19,28,16,8,4,4,4,7,11,21,18,17,30,4,-12
"2017-18","Crystal Palace",44,11,11,16,45,55,-10,38,19,19,26,18,7,4,5,6,7,9,29,16,27,28,2,-12
"2017-18","Bournemouth",44,11,11,16,45,61,-16,38,19,19,26,18,7,4,5,6,7,9,26,19,30,31,-4,-12
"2017-18","West Ham United",42,10,12,16,48,68,-20,38,19,19,27,15,7,3,6,6,6,10,24,24,26,42,-2,-18
"2017-18","Watford",41,11,8,19,44,64,-20,38,19,19,27,14,7,4,6,2,6,13,27,17,31,33,-4,-16
"2017-18","Brighton and Hove Albion",40,9,13,16,34,54,-20,38,19,19,29,11,7,2,8,5,4,12,24,10,25,29,-1,-19
"2017-18","Huddersfield Town",37,9,10,19,28,58,-30,38,19,19,23,14,6,3,5,5,8,11,16,12,25,33,-9,-21
"2017-18","Southampton",36,7,15,16,37,56,-19,38,19,19,19,17,4,3,7,8,8,8,20,17,26,30,-6,-13
"2017-18","Swansea City",33,8,9,21,28,56,-28,38,19,19,21,12,6,2,3,6,10,11,17,11,24,32,-7,-21
"2017-18","Stoke City",33,7,12,19,35,68,-33,38,19,19,20,13,5,2,5,7,9,10,20,15,30,38,-10,-23
"2017-18","West Bromwich Albion",31,6,13,19,31,56,-25,38,19,19,18,13,3,3,9,4,7,12,21,10,29,27,-8,-17
"2016-17","Chelsea",93,30,3,5,85,33,52,38,19,19,51,42,17,13,0,3,2,3,55,30,17,16,38,14
"2016-17","Tottenham Hotspur",86,26,8,4,86,26,60,38,19,19,53,33,17,9,2,6,0,4,47,39,9,17,38,22
"2016-17","Manchester City",78,23,9,6,80,39,41,38,19,19,40,38,11,12,7,2,1,5,37,43,17,22,20,21
"2016-17","Liverpool",76,22,10,6,78,42,36,38,19,19,41,35,12,10,5,5,2,4,45,33,18,24,27,9
"2016-17","Arsenal",75,23,6,9,77,44,33,38,19,19,45,30,14,9,3,3,2,7,39,38,16,28,23,10
"2016-17","Manchester United",69,18,15,5,54,29,25,38,19,19,34,35,8,10,10,5,1,4,26,28,12,17,14,11
"2016-17","Everton",61,17,10,11,62,44,18,38,19,19,43,18,13,4,4,6,2,9,42,20,16,28,26,-8
"2016-17","Southampton",46,12,10,16,41,48,-7,38,19,19,24,22,6,6,6,4,7,9,17,24,21,27,-4,-3
"2016-17","Bournemouth",46,12,10,16,55,67,-12,38,19,19,31,15,9,3,4,6,6,10,35,20,29,38,6,-18
"2016-17","West Bromwich Albion",45,12,9,17,43,51,-8,38,19,19,29,16,9,3,2,7,8,9,27,16,22,29,5,-13
"2016-17","West Ham United",45,12,9,17,47,64,-17,38,19,19,25,20,7,5,4,5,8,9,19,28,31,33,-12,-5
"2016-17","Leicester City",44,12,8,18,48,63,-15,38,19,19,34,10,10,2,4,4,5,13,31,17,25,38,6,-21
"2016-17","Stoke City",44,11,11,16,41,56,-15,38,19,19,27,17,7,4,6,5,6,10,24,17,24,32,0,-15
"2016-17","Crystal Palace",41,12,5,21,50,63,-13,38,19,19,20,21,6,6,2,3,11,10,24,26,25,38,-1,-12
"2016-17","Swansea City",41,12,5,21,45,70,-25,38,19,19,27,14,8,4,3,2,8,13,27,18,34,36,-7,-18
"2016-17","Burnley",40,11,7,20,39,55,-16,38,19,19,33,7,10,1,3,4,6,14,26,13,20,35,6,-22
"2016-17","Watford",40,11,7,20,40,68,-28,38,19,19,28,12,8,3,4,3,7,13,25,15,29,39,-4,-24
"2016-17","Hull City",34,9,7,22,37,80,-43,38,19,19,28,6,8,1,4,3,7,15,28,9,35,45,-7,-36
"2016-17","Middlesbrough",28,5,13,20,27,53,-26,38,19,19,18,10,4,1,6,7,9,11,17,10,23,30,-6,-20
"2016-17","Sunderland",24,6,6,26,29,69,-40,38,19,19,14,10,3,3,5,1,11,15,16,13,34,35,-18,-22
"2015-16","Leicester City",81,23,12,3,68,36,32,38,19,19,42,39,12,11,6,6,1,2,35,33,18,18,17,15
"2015-16","Arsenal",71,20,11,7,65,36,29,38,19,19,40,31,12,8,4,7,3,4,31,34,11,25,20,9
"2015-16","Tottenham Hotspur",70,19,13,6,69,35,34,38,19,19,36,34,10,9,6,7,3,3,35,34,15,20,20,14
"2015-16","Manchester City",66,19,9,10,71,41,30,38,19,19,38,28,12,7,2,7,5,5,47,24,21,20,26,4
"2015-16","Manchester United",66,19,9,10,49,35,14,38,19,19,41,25,12,7,5,4,2,8,27,22,9,26,18,-4
"2015-16","Southampton",63,18,9,11,59,41,18,38,19,19,36,27,11,7,3,6,5,6,39,20,22,19,17,1
"2015-16","West Ham United",62,16,14,8,65,51,14,38,19,19,34,28,9,7,7,7,3,5,34,31,26,25,8,6
"2015-16","Liverpool",60,16,12,10,63,50,13,38,19,19,32,28,8,8,8,4,3,7,33,30,22,28,11,2
"2015-16","Stoke City",51,14,9,15,41,55,-14,38,19,19,28,23,8,6,4,5,7,8,22,19,24,31,-2,-12
"2015-16","Chelsea",50,12,14,12,59,53,6,38,19,19,24,26,5,7,9,5,5,7,32,27,30,23,2,4
"2015-16","Everton",47,11,14,13,59,55,4,38,19,19,23,24,6,5,5,9,8,5,35,24,30,25,5,-1
"2015-16","Swansea City",47,12,11,15,42,52,-10,38,19,19,30,17,8,4,6,5,5,10,20,22,20,32,0,-10
"2015-16","Watford",45,12,9,17,40,50,-10,38,19,19,24,21,6,6,6,3,7,10,20,20,19,31,1,-11
"2015-16","West Bromwich Albion",43,10,13,15,34,48,-14,38,19,19,23,20,6,4,5,8,8,7,20,14,26,22,-6,-8
"2015-16","Crystal Palace",42,11,9,18,39,51,-12,38,19,19,21,21,6,5,3,6,10,8,19,20,23,28,-4,-8
"2015-16","Bournemouth",42,11,9,18,45,67,-22,38,19,19,20,22,5,6,5,4,9,9,23,22,34,33,-11,-11
"2015-16","Sunderland",39,9,12,17,48,62,-14,38,19,19,24,15,6,3,6,6,7,10,23,25,20,42,3,-17
"2015-16","Newcastle United",37,9,10,19,44,65,-21,38,19,19,28,9,7,2,7,3,5,14,32,12,24,41,8,-29
"2015-16","Norwich City",34,9,7,22,39,67,-28,38,19,19,23,11,6,3,5,2,8,14,26,13,30,37,-4,-24
"2015-16","Aston Villa",17,3,8,27,27,76,-49,38,19,19,11,6,2,1,5,3,12,15,14,13,35,41,-21,-28
"2014-15","Chelsea",87,26,9,3,73,32,41,38,19,19,49,38,15,11,4,5,0,3,36,37,9,23,27,14
"2014-15","Manchester City",79,24,7,7,83,38,45,38,19,19,45,34,14,10,3,4,2,5,44,39,14,24,30,15
"2014-15","Arsenal",75,22,9,7,71,36,35,38,19,19,41,34,12,10,5,4,2,5,41,30,14,22,27,8
"2014-15","Manchester United",70,20,10,8,62,37,25,38,19,19,44,26,14,6,2,8,3,5,41,21,15,22,26,-1
"2014-15","Tottenham Hotspur",64,19,7,12,58,53,5,38,19,19,33,31,10,9,3,4,6,6,31,27,24,29,7,-2
"2014-15","Liverpool",62,18,8,12,52,48,4,38,19,19,35,27,10,8,5,3,4,8,30,22,20,28,10,-6
"2014-15","Southampton",60,18,6,14,54,33,21,38,19,19,37,23,11,7,4,2,4,10,37,17,13,20,24,-3
"2014-15","Swansea City",56,16,8,14,46,49,-3,38,19,19,32,24,9,7,5,3,5,9,27,19,22,27,5,-8
"2014-15","Stoke City",54,15,9,14,48,45,3,38,19,19,33,21,10,5,3,6,6,8,32,16,22,23,10,-7
"2014-15","Crystal Palace",48,13,9,16,47,51,-4,38,19,19,21,27,6,7,3,6,10,6,21,26,27,24,-6,2
"2014-15","Everton",47,12,11,15,48,50,-2,38,19,19,28,19,7,5,7,4,5,10,27,21,21,29,6,-8
"2014-15","West Ham United",47,12,11,15,44,47,-3,38,19,19,31,16,9,3,4,7,6,9,25,19,18,29,7,-10
"2014-15","West Bromwich Albion",44,11,11,16,38,51,-13,38,19,19,25,19,7,4,4,7,8,8,24,14,26,25,-2,-11
"2014-15","Leicester City",41,11,8,19,46,55,-9,38,19,19,26,15,7,4,5,3,7,12,28,18,22,33,6,-15
"2014-15","Newcastle United",39,10,9,19,40,63,-23,38,19,19,26,13,7,3,5,4,7,12,26,14,27,36,-1,-22
"2014-15","Sunderland",38,7,17,14,31,53,-22,38,19,19,20,18,4,3,8,9,7,7,16,15,27,26,-11,-11
"2014-15","Aston Villa",38,10,8,20,31,57,-26,38,19,19,21,17,5,5,6,2,8,12,18,13,25,32,-7,-19
"2014-15","Hull City",35,8,11,19,33,51,-18,38,19,19,20,15,5,3,5,6,9,10,19,14,24,27,-5,-13
"2014-15","Burnley",33,7,12,19,28,53,-25,38,19,19,19,14,4,3,7,5,8,11,14,14,21,32,-7,-18
"2014-15","Queens Park Rangers",30,8,6,24,42,73,-31,38,19,19,23,7,6,2,5,1,8,16,23,19,24,49,-1,-30
"2013-14","Manchester City",86,27,5,6,101,37,64,38,19,19,52,34,17,10,1,4,1,5,62,39,13,24,49,15
"2013-14","Liverpool",84,26,6,6,101,50,51,38,19,19,49,35,16,10,1,5,2,4,53,48,18,32,35,16
"2013-14","Chelsea",82,25,7,6,71,27,44,38,19,19,48,34,15,10,3,4,1,5,43,28,11,16,32,12
"2013-14","Arsenal",79,24,7,7,68,41,27,38,19,19,44,35,13,11,5,2,1,6,36,32,11,30,25,2
"2013-14","Everton",72,21,9,8,61,39,22,38,19,19,42,30,13,8,3,6,3,5,38,23,19,20,19,3
"2013-14","Tottenham Hotspur",69,21,6,11,55,51,4,38,19,19,36,33,11,10,3,3,5,6,30,25,23,28,7,-3
"2013-14","Manchester United",64,19,7,12,64,43,21,38,19,19,30,34,9,10,3,4,7,5,29,35,21,22,8,13
"2013-14","Southampton",56,15,11,12,54,46,8,38,19,19,30,26,8,7,6,5,5,7,32,22,23,23,9,-1
"2013-14","Stoke City",50,13,11,14,45,52,-7,38,19,19,36,14,10,3,6,5,3,11,27,18,17,35,10,-17
"2013-14","Newcastle United",49,15,4,19,43,59,-16,38,19,19,27,22,8,7,3,1,8,11,23,20,28,31,-5,-11
"2013-14","Crystal Palace",45,13,6,19,33,48,-15,38,19,19,27,18,8,5,3,3,8,11,18,15,23,25,-5,-10
"2013-14","Swansea City",42,11,9,18,54,54,0,38,19,19,23,19,6,5,5,4,8,10,33,21,26,28,7,-7
"2013-14","West Ham United",40,11,7,20,40,51,-11,38,19,19,24,16,7,4,3,4,9,11,25,15,26,25,-1,-10
"2013-14","Sunderland",38,10,8,20,41,60,-19,38,19,19,18,20,5,5,3,5,11,9,21,20,27,33,-6,-13
"2013-14","Aston Villa",38,10,8,20,39,61,-22,38,19,19,21,17,6,4,3,5,10,10,22,17,29,32,-7,-15
"2013-14","Hull City",37,10,7,21,38,53,-15,38,19,19,25,12,7,3,4,3,8,13,20,18,21,32,-1,-14
"2013-14","West Bromwich Albion",36,7,15,16,43,59,-16,38,19,19,21,15,4,3,9,6,6,10,24,19,27,32,-3,-13
"2013-14","Norwich City",33,8,9,21,28,61,-33,38,19,19,24,9,6,2,6,3,7,14,17,11,18,43,-1,-32
"2013-14","Fulham",32,9,5,24,40,85,-45,38,19,19,18,14,5,4,3,2,11,13,24,16,38,47,-14,-31
"2013-14","Cardiff City",30,7,9,22,32,74,-42,38,19,19,20,10,5,2,5,4,9,13,20,12,35,39,-15,-27
"2012-13","Manchester United",89,28,5,5,86,43,43,38,19,19,48,41,16,12,0,5,3,2,45,41,19,24,26,17
"2012-13","Manchester City",78,23,9,6,66,34,32,38,19,19,45,33,14,9,3,6,2,4,41,25,15,19,26,6
"2012-13","Chelsea",75,22,9,7,75,39,36,38,19,19,41,34,12,10,5,4,2,5,41,34,16,23,25,11
"2012-13","Arsenal",73,21,10,7,72,37,35,38,19,19,38,35,11,10,5,5,3,4,47,25,23,14,24,11
"2012-13","Tottenham Hotspur",72,21,9,8,66,46,20,38,19,19,38,34,11,10,5,4,3,5,29,37,18,28,11,9
"2012-13","Everton",63,16,15,7,55,40,15,38,19,19,42,21,12,4,6,9,1,6,33,22,17,23,16,-1
"2012-13","Liverpool",61,16,13,9,71,43,28,38,19,19,33,28,9,7,6,7,4,5,33,38,16,27,17,11
"2012-13","West Bromwich Albion",49,14,7,17,53,57,-4,38,19,19,31,18,9,5,4,3,6,11,32,21,25,32,7,-11
"2012-13","Swansea City",46,11,13,14,47,51,-4,38,19,19,26,20,6,5,8,5,5,9,28,19,26,25,2,-6
"2012-13","West Ham United",46,12,10,16,45,53,-8,38,19,19,33,13,9,3,6,4,4,12,34,11,22,31,12,-20
"2012-13","Norwich City",44,10,14,14,41,58,-17,38,19,19,31,13,8,2,7,7,4,10,25,16,20,38,5,-22
"2012-13","Fulham",43,11,10,17,50,60,-10,38,19,19,24,19,7,4,3,7,9,8,28,22,30,30,-2,-8
"2012-13","Stoke City",42,9,15,14,34,45,-11,38,19,19,28,14,7,2,7,8,5,9,21,13,22,23,-1,-10
"2012-13","Southampton",41,9,14,15,49,60,-11,38,19,19,25,16,6,3,7,7,6,9,26,23,24,36,2,-13
"2012-13","Aston Villa",41,10,11,17,47,69,-22,38,19,19,20,21,5,5,5,6,9,8,23,24,28,41,-5,-17
"2012-13","Newcastle United",41,11,8,19,45,68,-23,38,19,19,28,13,9,2,1,7,9,10,24,21,31,37,-7,-16
"2012-13","Sunderland",39,9,12,17,41,54,-13,38,19,19,23,16,5,4,8,4,6,11,20,21,19,35,1,-14
"2012-13","Wigan Athletic",36,9,9,20,47,73,-26,38,19,19,18,18,4,5,6,3,9,11,26,21,39,34,-13,-13
"2012-13","Reading",28,6,10,22,43,73,-30,38,19,19,20,8,4,2,8,2,7,15,23,20,33,40,-10,-20
"2012-13","Queens Park Rangers",25,4,13,21,30,60,-30,38,19,19,14,11,2,2,8,5,9,12,13,17,28,32,-15,-15
"2011-12","Manchester City",89,28,5,5,93,29,64,38,19,19,55,34,18,10,1,4,0,5,55,38,12,17,43,21
"2011-12","Manchester United",89,28,5,5,89,33,56,38,19,19,47,42,15,13,2,3,2,3,52,37,19,14,33,23
"2011-12","Arsenal",70,21,7,10,74,49,25,38,19,19,40,30,12,9,4,3,3,7,39,35,17,32,22,3
"2011-12","Tottenham Hotspur",69,20,9,9,66,41,25,38,19,19,42,27,13,7,3,6,3,6,39,27,17,24,22,3
"2011-12","Newcastle United",65,19,8,11,56,51,5,38,19,19,38,27,11,8,5,3,3,8,29,27,17,34,12,-7
"2011-12","Chelsea",64,18,10,10,65,46,19,38,19,19,39,25,12,6,3,7,4,6,41,24,24,22,17,2
"2011-12","Everton",56,15,11,12,50,40,10,38,19,19,33,23,10,5,3,8,6,6,28,22,15,25,13,-3
"2011-12","Liverpool",52,14,10,14,47,40,7,38,19,19,27,25,6,8,9,1,4,10,24,23,16,24,8,-1
"2011-12","Fulham",52,14,10,14,48,51,-3,38,19,19,35,17,10,4,5,5,4,10,36,12,26,25,10,-13
"2011-12","Swansea City",47,12,11,15,44,51,-7,38,19,19,31,16,8,4,7,4,4,11,27,17,18,33,9,-16
"2011-12","West Bromwich Albion",47,13,8,17,45,52,-7,38,19,19,21,26,6,7,3,5,10,7,21,24,22,30,-1,-6
"2011-12","Norwich City",47,12,11,15,52,66,-14,38,19,19,27,20,7,5,6,5,6,9,28,24,30,36,-2,-12
"2011-12","Sunderland",45,11,12,15,45,46,-1,38,19,19,28,17,7,4,7,5,5,10,26,19,17,29,9,-10
"2011-12","Stoke City",45,11,12,15,36,53,-17,38,19,19,29,16,7,4,8,4,4,11,25,11,20,33,5,-22
"2011-12","Wigan Athletic",43,11,10,17,42,62,-20,38,19,19,22,21,5,6,7,3,7,10,22,20,27,35,-5,-15
"2011-12","Aston Villa",38,7,17,14,37,53,-16,38,19,19,19,19,4,3,7,10,8,6,20,17,25,28,-5,-11
"2011-12","Queens Park Rangers",37,10,7,21,43,66,-23,38,19,19,26,11,7,3,5,2,7,14,24,19,25,41,-1,-22
"2011-12","Bolton Wanderers",36,10,6,22,46,77,-31,38,19,19,16,20,4,6,4,2,11,11,23,23,39,38,-16,-15
"2011-12","Blackburn Rovers",31,8,7,23,48,78,-30,38,19,19,19,12,6,2,1,6,12,11,26,22,33,45,-7,-23
"2011-12","Wolverhampton Wanderers",25,5,10,23,40,82,-42,38,19,19,12,13,3,2,3,7,13,10,19,21,43,39,-24,-18
"2010-11","Manchester United",80,23,11,4,78,37,41,38,19,19,55,25,18,5,1,10,0,4,49,29,12,25,37,4
"2010-11","Chelsea",71,21,8,9,69,33,36,38,19,19,45,26,14,7,3,5,2,7,39,30,13,20,26,10
"2010-11","Manchester City",71,21,8,9,60,33,27,38,19,19,43,28,13,8,4,4,2,7,34,26,12,21,22,5
"2010-11","Arsenal",68,19,11,8,72,43,29,38,19,19,37,31,11,8,4,7,4,4,33,39,15,28,18,11
"2010-11","Tottenham Hotspur",62,16,14,8,55,46,9,38,19,19,36,26,9,7,9,5,1,7,30,25,19,27,11,-2
"2010-11","Liverpool",58,17,7,14,59,44,15,38,19,19,40,18,12,5,4,3,3,11,37,22,14,30,23,-8
"2010-11","Everton",54,13,15,10,51,45,6,38,19,19,34,20,9,4,7,8,3,7,31,20,23,22,8,-2
"2010-11","Fulham",49,11,16,11,49,43,6,38,19,19,31,18,8,3,7,9,4,7,30,19,23,20,7,-1
"2010-11","Aston Villa",48,12,12,14,48,59,-11,38,19,19,31,17,8,4,7,5,4,10,26,22,19,40,7,-18
"2010-11","Sunderland",47,12,11,15,45,56,-11,38,19,19,26,21,7,5,5,6,7,8,25,20,27,29,-2,-9
"2010-11","West Bromwich Albion",47,12,11,15,56,71,-15,38,19,19,30,17,8,4,6,5,5,10,30,26,30,41,0,-15
"2010-11","Newcastle United",46,11,13,14,56,57,-1,38,19,19,26,20,6,5,8,5,5,9,41,15,27,30,14,-15
"2010-11","Stoke City",46,13,7,18,46,48,-2,38,19,19,34,12,10,3,4,3,5,13,31,15,18,30,13,-15
"2010-11","Bolton Wanderers",46,12,10,16,52,56,-4,38,19,19,35,11,10,2,5,5,4,12,34,18,24,32,10,-14
"2010-11","Blackburn Rovers",43,11,10,17,46,59,-13,38,19,19,28,15,7,4,7,3,5,12,22,24,16,43,6,-19
"2010-11","Wigan Athletic",42,9,15,14,40,61,-21,38,19,19,23,19,5,4,8,7,6,8,22,18,34,27,-12,-9
"2010-11","Wolverhampton Wanderers",40,11,7,20,46,66,-20,38,19,19,28,12,8,3,4,3,7,13,30,16,30,36,0,-20
"2010-11","Birmingham City",39,8,15,15,37,58,-21,38,19,19,26,13,6,2,8,7,5,10,19,18,22,36,-3,-18
"2010-11","Blackpool",39,10,9,19,55,78,-23,38,19,19,20,19,5,5,5,4,9,10,30,25,37,41,-7,-16
"2010-11","West Ham United",33,7,12,19,43,70,-27,38,19,19,20,13,5,2,5,7,9,10,24,19,31,39,-7,-20
"2009-10","Chelsea",86,27,5,6,103,32,71,38,19,19,52,34,17,10,1,4,1,5,68,35,14,18,54,17
"2009-10","Manchester United",85,27,4,7,86,28,58,38,19,19,49,36,16,11,1,3,2,5,52,34,12,16,40,18
"2009-10","Arsenal",75,23,6,9,83,41,42,38,19,19,47,28,15,8,2,4,2,7,48,35,15,26,33,9
"2009-10","Tottenham Hotspur",70,21,7,10,67,41,26,38,19,19,44,26,14,7,2,5,3,7,40,27,12,29,28,-2
"2009-10","Manchester City",67,18,13,7,73,45,28,38,19,19,40,27,12,6,4,9,3,4,41,32,20,25,21,7
"2009-10","Aston Villa",64,17,13,8,52,39,13,38,19,19,32,32,8,9,8,5,3,5,29,23,16,23,13,0
"2009-10","Liverpool",63,18,9,11,61,35,26,38,19,19,42,21,13,5,3,6,3,8,43,18,15,20,28,-2
"2009-10","Everton",61,16,13,9,60,49,11,38,19,19,39,22,11,5,6,7,2,7,35,25,21,28,14,-3
"2009-10","Birmingham City",50,13,11,14,38,47,-9,38,19,19,33,17,8,5,9,2,2,12,19,19,13,34,6,-15
"2009-10","Blackburn Rovers",50,13,11,14,41,55,-14,38,19,19,36,14,10,3,6,5,3,11,28,13,18,37,10,-24
"2009-10","Stoke City",47,11,14,13,34,48,-14,38,19,19,27,20,7,4,6,8,6,7,24,10,21,27,3,-17
"2009-10","Fulham",46,12,10,16,39,46,-7,38,19,19,36,10,11,1,3,7,5,11,27,12,15,31,12,-19
"2009-10","Sunderland",44,11,11,16,48,56,-8,38,19,19,34,10,9,2,7,4,3,13,32,16,19,37,13,-21
"2009-10","Bolton Wanderers",39,10,9,19,42,67,-25,38,19,19,24,15,6,4,6,3,7,12,26,16,31,36,-5,-20
"2009-10","Wolverhampton Wanderers",38,9,11,18,32,56,-24,38,19,19,21,17,5,4,6,5,8,10,13,19,22,34,-9,-15
"2009-10","Wigan Athletic",36,9,9,20,37,79,-42,38,19,19,25,11,6,3,7,2,6,14,19,18,24,55,-5,-37
"2009-10","West Ham United",35,8,11,19,47,66,-19,38,19,19,26,9,7,1,5,6,7,12,30,17,29,37,1,-20
"2009-10","Burnley",30,8,6,24,42,82,-40,38,19,19,26,4,7,1,5,1,7,17,25,17,30,52,-5,-35
"2009-10","Hull City",30,6,12,20,34,75,-41,38,19,19,24,6,6,0,6,6,7,13,22,12,29,46,-7,-34
"2009-10","Portsmouth",28,7,7,24,34,66,-32,38,19,19,18,10,5,2,3,4,11,13,24,10,32,34,-8,-24
"2008-09","Manchester United",90,28,6,4,68,24,44,38,19,19,50,40,16,12,2,4,1,3,43,25,13,11,30,14
"2008-09","Liverpool",86,25,11,2,77,27,50,38,19,19,43,43,12,13,7,4,0,2,41,36,13,14,28,22
"2008-09","Chelsea",83,25,8,5,68,24,44,38,19,19,39,44,11,14,6,2,2,3,33,35,12,12,21,23
"2008-09","Arsenal",72,20,12,6,68,37,31,38,19,19,38,34,11,9,5,7,3,3,31,37,16,21,15,16
"2008-09","Everton",63,17,12,9,55,37,18,38,19,19,30,33,8,9,6,6,5,4,31,24,20,17,11,7
"2008-09","Aston Villa",62,17,11,10,54,48,6,38,19,19,30,32,7,10,9,2,3,7,27,27,21,27,6,0
"2008-09","Fulham",53,14,11,13,39,34,5,38,19,19,36,17,11,3,3,8,5,8,28,11,16,18,12,-7
"2008-09","Tottenham Hotspur",51,14,9,15,45,45,0,38,19,19,35,16,10,4,5,4,4,11,21,24,10,35,11,-11
"2008-09","West Ham United",51,14,9,15,42,45,-3,38,19,19,29,22,9,5,2,7,8,7,23,19,22,23,1,-4
"2008-09","Manchester City",50,15,5,18,58,50,8,38,19,19,39,11,13,2,0,5,6,12,40,18,18,32,22,-14
"2008-09","Wigan Athletic",45,12,9,17,34,45,-11,38,19,19,29,16,8,4,5,4,6,11,17,17,18,27,-1,-10
"2008-09","Stoke City",45,12,9,17,38,55,-17,38,19,19,35,10,10,2,5,4,4,13,22,16,15,40,7,-24
"2008-09","Bolton Wanderers",41,11,8,19,41,53,-12,38,19,19,26,15,7,4,5,3,7,12,21,20,21,32,0,-12
"2008-09","Portsmouth",41,10,11,17,38,57,-19,38,19,19,27,14,8,2,3,8,8,9,26,12,29,28,-3,-16
"2008-09","Blackburn Rovers",41,10,11,17,40,60,-20,38,19,19,25,16,6,4,7,4,6,11,22,18,23,37,-1,-19
"2008-09","Sunderland",36,9,9,20,34,54,-20,38,19,19,21,15,6,3,3,6,10,10,21,13,25,29,-4,-16
"2008-09","Hull City",35,8,11,19,39,64,-25,38,19,19,14,21,3,5,5,6,11,8,18,21,36,28,-18,-7
"2008-09","Newcastle United",34,7,13,18,40,59,-19,38,19,19,22,12,5,2,7,6,7,11,24,16,29,30,-5,-14
"2008-09","Middlesbrough",32,7,11,20,28,57,-29,38,19,19,24,8,5,2,9,2,5,15,17,11,20,37,-3,-26
"2008-09","West Bromwich Albion",32,8,8,22,36,67,-31,38,19,19,24,8,7,1,3,5,9,13,26,10,33,34,-7,-24
"2007-08","Manchester United",87,27,6,5,80,22,58,38,19,19,52,35,17,10,1,5,1,4,47,33,7,15,40,18
"2007-08","Chelsea",85,25,10,3,65,26,39,38,19,19,43,42,12,13,7,3,0,3,36,29,13,13,23,16
"2007-08","Arsenal",83,24,11,3,74,31,43,38,19,19,47,36,14,10,5,6,0,3,37,37,11,20,26,17
"2007-08","Liverpool",76,21,13,4,67,28,39,38,19,19,42,34,12,9,6,7,1,3,43,24,13,15,30,9
"2007-08","Everton",65,19,8,11,55,33,22,38,19,19,37,28,11,8,4,4,4,7,34,21,17,16,17,5
"2007-08","Aston Villa",60,16,12,10,71,51,20,38,19,19,33,27,10,6,3,9,6,4,34,37,22,29,12,8
"2007-08","Blackburn Rovers",58,15,13,10,50,48,2,38,19,19,31,27,8,7,7,6,4,6,26,24,19,29,7,-5
"2007-08","Portsmouth",57,16,9,13,48,40,8,38,19,19,29,28,7,9,8,1,4,9,24,24,14,26,10,-2
"2007-08","Manchester City",55,15,10,13,45,53,-8,38,19,19,37,18,11,4,4,6,4,9,28,17,20,33,8,-16
"2007-08","West Ham United",49,13,10,15,42,50,-8,38,19,19,28,21,7,6,7,3,5,10,24,18,24,26,0,-8
"2007-08","Tottenham Hotspur",46,11,13,14,66,61,5,38,19,19,29,17,8,3,5,8,6,8,46,20,34,27,12,-7
"2007-08","Newcastle United",43,11,10,17,45,65,-20,38,19,19,29,14,8,3,5,5,6,11,25,20,26,39,-1,-19
"2007-08","Middlesbrough",42,10,12,16,43,53,-10,38,19,19,26,16,7,3,5,7,7,9,27,16,23,30,4,-14
"2007-08","Wigan Athletic",40,10,10,18,34,51,-17,38,19,19,29,11,8,2,5,5,6,12,21,13,17,34,4,-21
"2007-08","Sunderland",39,11,6,21,36,59,-23,38,19,19,30,9,9,2,3,3,7,14,23,13,21,38,2,-25
"2007-08","Bolton Wanderers",37,9,10,19,36,54,-18,38,19,19,26,11,7,2,5,5,7,12,23,13,18,36,5,-23
"2007-08","Fulham",36,8,12,18,38,60,-22,38,19,19,20,16,5,3,5,7,9,9,22,16,31,29,-9,-13
"2007-08","Reading",36,10,6,22,41,66,-25,38,19,19,26,10,8,2,2,4,9,13,19,22,25,41,-6,-19
"2007-08","Birmingham City",35,8,11,19,46,62,-16,38,19,19,26,9,6,2,8,3,5,14,30,16,23,39,7,-23
"2007-08","Derby County",11,1,8,29,20,89,-69,38,19,19,8,3,1,0,5,3,13,16,12,8,43,46,-31,-38
"2006-07","Manchester United",89,28,5,5,83,27,56,38,19,19,47,42,15,13,2,3,2,3,46,37,12,15,34,22
"2006-07","Chelsea",83,24,11,3,64,24,40,38,19,19,43,40,12,12,7,4,0,3,37,27,11,13,26,14
"2006-07","Liverpool",68,20,8,10,57,27,30,38,19,19,46,22,14,6,4,4,1,9,39,18,7,20,32,-2
"2006-07","Arsenal",68,19,11,8,63,35,28,38,19,19,42,26,12,7,6,5,1,7,43,20,16,19,27,1
"2006-07","Tottenham Hotspur",60,17,9,12,57,54,3,38,19,19,39,21,12,5,3,6,4,8,34,23,22,32,12,-9
"2006-07","Everton",58,15,13,10,52,36,16,38,19,19,37,21,11,4,4,9,4,6,33,19,17,19,16,0
"2006-07","Bolton Wanderers",56,16,8,14,47,52,-5,38,19,19,32,24,9,7,5,3,5,9,26,21,20,32,6,-11
"2006-07","Reading",55,16,7,15,52,47,5,38,19,19,35,20,11,5,2,5,6,9,29,23,20,27,9,-4
"2006-07","Portsmouth",54,14,12,12,45,42,3,38,19,19,38,16,11,3,5,7,3,9,28,17,15,27,13,-10
"2006-07","Blackburn Rovers",52,15,7,16,52,54,-2,38,19,19,30,22,9,6,3,4,7,9,31,21,25,29,6,-8
"2006-07","Aston Villa",50,11,17,10,43,41,2,38,19,19,29,21,7,4,8,9,4,6,20,23,14,27,6,-4
"2006-07","Middlesbrough",46,12,10,16,44,49,-5,38,19,19,33,13,10,2,3,7,6,10,31,13,24,25,7,-12
"2006-07","Newcastle United",43,11,10,17,38,47,-9,38,19,19,28,15,7,4,7,3,5,12,23,15,20,27,3,-12
"2006-07","Manchester City",42,11,9,18,29,44,-15,38,19,19,21,21,5,6,6,3,8,10,10,19,16,28,-6,-9
"2006-07","West Ham United",41,12,5,21,35,59,-24,38,19,19,26,15,8,4,2,3,9,12,24,11,26,33,-2,-22
"2006-07","Fulham",39,8,15,15,38,60,-22,38,19,19,28,11,7,1,7,8,5,10,18,20,18,42,0,-22
"2006-07","Wigan Athletic",38,10,8,20,37,59,-22,38,19,19,19,19,5,5,4,4,10,10,18,19,30,29,-12,-10
"2006-07","Sheffield United",38,10,8,20,32,55,-23,38,19,19,27,11,7,3,6,2,6,14,24,8,21,34,3,-26
"2006-07","Charlton Athletic",34,8,10,20,34,60,-26,38,19,19,26,8,7,1,5,5,7,13,19,15,20,40,-1,-25
"2006-07","Watford",28,5,13,20,29,59,-30,38,19,19,18,10,3,2,9,4,7,13,19,10,25,34,-6,-24
"2005-06","Chelsea",91,29,4,5,72,22,50,38,19,19,55,36,18,11,1,3,0,5,47,25,9,13,38,12
"2005-06","Manchester United",83,25,8,5,72,34,38,38,19,19,44,39,13,12,5,3,1,4,37,35,8,26,29,9
"2005-06","Liverpool",82,25,7,6,57,25,32,38,19,19,48,34,15,10,3,4,1,5,32,25,8,17,24,8
"2005-06","Arsenal",67,20,7,11,68,31,37,38,19,19,45,22,14,6,3,4,2,9,48,20,13,18,35,2
"2005-06","Tottenham Hotspur",65,18,11,9,53,38,15,38,19,19,41,24,12,6,5,6,2,7,31,22,16,22,15,0
"2005-06","Blackburn Rovers",63,19,6,13,51,42,9,38,19,19,42,21,13,6,3,3,3,10,31,20,17,25,14,-5
"2005-06","Newcastle United",58,17,7,14,47,42,5,38,19,19,38,20,11,6,5,2,3,11,28,19,15,27,13,-8
"2005-06","Bolton Wanderers",56,15,11,12,49,41,8,38,19,19,38,18,11,4,5,6,3,9,29,20,13,28,16,-8
"2005-06","West Ham United",55,16,7,15,52,55,-3,38,19,19,30,25,9,7,3,4,7,8,30,22,25,30,5,-8
"2005-06","Wigan Athletic",51,15,6,17,45,52,-7,38,19,19,24,27,7,8,3,3,9,8,24,21,26,26,-2,-5
"2005-06","Everton",50,14,8,16,34,49,-15,38,19,19,28,22,8,6,4,4,7,9,22,12,22,27,0,-15
"2005-06","Fulham",48,14,6,18,48,58,-10,38,19,19,41,7,13,1,2,4,4,14,31,17,21,37,10,-20
"2005-06","Charlton Athletic",47,13,8,17,41,55,-14,38,19,19,28,19,8,5,4,4,7,10,22,19,21,34,1,-15
"2005-06","Middlesbrough",45,12,9,17,48,58,-10,38,19,19,26,19,7,5,5,4,7,10,28,20,30,28,-2,-8
"2005-06","Manchester City",43,13,4,21,43,48,-5,38,19,19,29,14,9,4,2,2,8,13,26,17,20,28,6,-11
"2005-06","Aston Villa",42,10,12,16,42,55,-13,38,19,19,24,18,6,4,6,6,7,9,20,22,20,35,0,-13
"2005-06","Portsmouth",38,10,8,20,37,62,-25,38,19,19,22,16,5,5,7,1,7,13,17,20,24,38,-7,-18
"2005-06","Birmingham City",34,8,10,20,28,50,-22,38,19,19,23,11,6,2,5,5,8,12,19,9,20,30,-1,-21
"2005-06","West Bromwich Albion",30,7,9,22,31,58,-27,38,19,19,20,10,6,1,2,7,11,11,21,10,24,34,-3,-24
"2005-06","Sunderland",15,3,6,29,26,69,-43,38,19,19,7,8,1,2,4,2,14,15,12,14,37,32,-25,-18
"2004-05","Chelsea",95,29,8,1,72,15,57,38,19,19,47,48,14,15,5,3,0,1,35,37,6,9,29,28
"2004-05","Arsenal",83,25,8,5,87,36,51,38,19,19,44,39,13,12,5,3,1,4,54,33,19,17,35,16
"2004-05","Manchester United",77,22,11,5,58,26,32,38,19,19,42,35,12,10,6,5,1,4,31,27,12,14,19,13
"2004-05","Everton",61,18,7,13,45,46,-1,38,19,19,38,23,12,6,2,5,5,8,24,21,15,31,9,-10
"2004-05","Liverpool",58,17,7,14,52,41,11,38,19,19,40,18,12,5,4,3,3,11,31,21,15,26,16,-5
"2004-05","Bolton Wanderers",58,16,10,12,49,44,5,38,19,19,32,26,9,7,5,5,5,7,25,24,18,26,7,-2
"2004-05","Middlesbrough",55,14,13,11,53,46,7,38,19,19,33,22,9,5,6,7,4,7,29,24,19,27,10,-3
"2004-05","Manchester City",52,13,13,12,47,39,8,38,19,19,30,22,8,5,6,7,5,7,24,23,14,25,10,-2
"2004-05","Tottenham Hotspur",52,14,10,14,47,41,6,38,19,19,32,20,9,5,5,5,5,9,36,11,22,19,14,-8
"2004-05","Aston Villa",47,12,11,15,45,52,-7,38,19,19,30,17,8,4,6,5,5,10,26,19,17,35,9,-16
"2004-05","Charlton Athletic",46,12,10,16,42,58,-16,38,19,19,28,18,8,4,4,6,7,9,29,13,29,29,0,-16
"2004-05","Birmingham City",45,11,12,15,40,46,-6,38,19,19,30,15,8,3,6,6,5,10,24,16,15,31,9,-15
"2004-05","Fulham",44,12,8,18,52,60,-8,38,19,19,28,16,8,4,4,4,7,11,29,23,26,34,3,-11
"2004-05","Newcastle United",44,10,14,14,47,57,-10,38,19,19,28,16,7,3,7,7,5,9,25,22,25,32,0,-10
"2004-05","Blackburn Rovers",42,9,15,14,32,43,-11,38,19,19,23,19,5,4,8,7,6,8,21,11,22,21,-1,-10
"2004-05","Portsmouth",39,10,9,19,43,59,-16,38,19,19,28,11,8,2,4,5,7,12,30,13,26,33,4,-20
"2004-05","West Bromwich Albion",34,6,16,16,36,61,-25,38,19,19,23,11,5,1,8,8,6,10,17,19,24,37,-7,-18
"2004-05","Crystal Palace",33,7,12,19,41,62,-21,38,19,19,23,10,6,1,5,7,8,11,21,20,19,43,2,-23
"2004-05","Norwich City",33,7,12,19,42,77,-35,38,19,19,26,7,7,0,5,7,7,12,29,13,32,45,-3,-32
"2004-05","Southampton",32,6,14,18,45,66,-21,38,19,19,24,8,5,1,9,5,5,13,30,15,30,36,0,-21
"2003-04","Arsenal",90,26,12,0,73,26,47,38,19,19,49,41,15,11,4,8,0,0,40,33,14,12,26,21
"2003-04","Chelsea",79,24,7,7,67,30,37,38,19,19,40,39,12,12,4,3,3,4,34,33,13,17,21,16
"2003-04","Manchester United",75,23,6,9,64,35,29,38,19,19,40,35,12,11,4,2,3,6,37,27,15,20,22,7
"2003-04","Liverpool",60,16,12,10,55,37,18,38,19,19,34,26,10,6,4,8,5,5,29,26,15,22,14,4
"2003-04","Newcastle United",56,13,17,8,52,40,12,38,19,19,38,18,11,2,5,12,3,5,33,19,14,26,19,-7
"2003-04","Aston Villa",56,15,11,12,48,44,4,38,19,19,33,23,9,6,6,5,4,8,24,24,19,25,5,-1
"2003-04","Charlton Athletic",53,14,11,13,51,51,0,38,19,19,27,26,7,7,6,5,6,7,29,22,29,22,0,0
"2003-04","Bolton Wanderers",53,14,11,13,48,56,-8,38,19,19,26,27,6,8,8,3,5,8,24,24,21,35,3,-11
"2003-04","Fulham",52,14,10,14,52,46,6,38,19,19,31,21,9,5,4,6,6,8,29,23,21,25,8,-2
"2003-04","Birmingham City",50,12,14,12,43,48,-5,38,19,19,29,21,8,4,5,9,6,6,26,17,24,24,2,-7
"2003-04","Middlesbrough",48,13,9,16,44,52,-8,38,19,19,28,20,8,5,4,5,7,9,25,19,23,29,2,-10
"2003-04","Southampton",47,12,11,15,44,45,-1,38,19,19,30,17,8,4,6,5,5,10,24,20,17,28,7,-8
"2003-04","Portsmouth",45,12,9,17,47,54,-7,38,19,19,34,11,10,2,4,5,5,12,35,12,19,35,16,-23
"2003-04","Tottenham Hotspur",45,13,6,19,47,57,-10,38,19,19,31,14,9,4,4,2,6,13,33,14,27,30,6,-16
"2003-04","Blackburn Rovers",44,12,8,18,51,59,-8,38,19,19,19,25,5,7,4,4,10,8,25,26,31,28,-6,-2
"2003-04","Manchester City",41,9,14,15,55,54,1,38,19,19,24,17,5,4,9,5,5,10,31,24,24,30,7,-6
"2003-04","Everton",39,9,12,17,45,57,-12,38,19,19,29,10,8,1,5,7,6,11,27,18,20,37,7,-19
"2003-04","Leicester City",33,6,15,17,48,65,-17,38,19,19,19,14,3,3,10,5,6,11,19,29,28,37,-9,-8
"2003-04","Wolverhampton Wanderers",33,7,12,19,38,77,-39,38,19,19,26,7,7,0,5,7,7,12,23,15,35,42,-12,-27
"2003-04","Leeds United",33,8,9,21,40,79,-39,38,19,19,22,11,5,3,7,2,7,14,25,15,31,48,-6,-33
"2002-03","Manchester United",83,25,8,5,74,34,40,38,19,19,50,33,16,9,2,6,1,4,42,32,12,22,30,10
"2002-03","Arsenal",78,23,9,6,85,42,43,38,19,19,47,31,15,8,2,7,2,4,47,38,20,22,27,16
"2002-03","Newcastle United",69,21,6,11,63,48,15,38,19,19,47,22,15,6,2,4,2,9,36,27,17,31,19,-4
"2002-03","Chelsea",67,19,10,9,68,38,30,38,19,19,41,26,12,7,5,5,2,7,41,27,15,23,26,4
"2002-03","Liverpool",64,18,10,10,61,41,20,38,19,19,35,29,9,9,8,2,2,8,30,31,16,25,14,6
"2002-03","Blackburn Rovers",60,16,12,10,52,43,9,38,19,19,34,26,9,7,7,5,3,7,24,28,15,28,9,0
"2002-03","Everton",59,17,8,13,48,49,-1,38,19,19,38,21,11,6,5,3,3,10,28,20,19,30,9,-10
"2002-03","Southampton",52,13,13,12,43,46,-3,38,19,19,35,17,9,4,8,5,2,10,25,18,16,30,9,-12
"2002-03","Manchester City",51,15,6,17,47,54,-7,38,19,19,29,22,9,6,2,4,8,9,28,19,26,28,2,-9
"2002-03","Tottenham Hotspur",50,14,8,16,51,62,-11,38,19,19,31,19,9,5,4,4,6,10,30,21,29,33,1,-12
"2002-03","Middlesbrough",49,13,10,15,48,44,4,38,19,19,37,12,10,3,7,3,2,13,36,12,21,23,15,-11
"2002-03","Charlton Athletic",49,14,7,17,45,56,-11,38,19,19,27,22,8,6,3,4,8,9,26,19,30,26,-4,-7
"2002-03","Birmingham City",48,13,9,16,41,49,-8,38,19,19,29,19,8,5,5,4,6,10,25,16,23,26,2,-10
"2002-03","Fulham",48,13,9,16,41,50,-9,38,19,19,36,12,11,2,3,6,5,11,26,15,18,32,8,-17
"2002-03","Leeds United",47,14,5,19,58,57,1,38,19,19,24,23,7,7,3,2,9,10,25,33,26,31,-1,2
"2002-03","Aston Villa",45,12,9,17,42,47,-5,38,19,19,35,10,11,1,2,7,6,11,25,17,14,33,11,-16
"2002-03","Bolton Wanderers",44,10,14,14,41,51,-10,38,19,19,29,15,7,3,8,6,4,10,27,14,24,27,3,-13
"2002-03","West Ham United",42,10,12,16,42,59,-17,38,19,19,22,20,5,5,7,5,7,9,21,21,24,35,-3,-14
"2002-03","West Bromwich Albion",26,6,8,24,29,65,-36,38,19,19,14,12,3,3,5,3,11,13,17,12,34,31,-17,-19
"2002-03","Sunderland",19,4,7,27,21,65,-44,38,19,19,11,8,3,1,2,5,14,13,11,10,31,34,-20,-24
"2001-02","Arsenal",87,26,9,3,79,36,43,38,19,19,40,47,12,14,4,5,3,0,42,37,25,11,17,26
"2001-02","Liverpool",80,24,8,6,67,30,37,38,19,19,41,39,12,12,5,3,2,4,33,34,14,16,19,18
"2001-02","Manchester United",77,24,5,9,87,45,42,38,19,19,35,42,11,13,2,3,6,3,40,47,17,28,23,19
"2001-02","Newcastle United",71,21,8,9,74,52,22,38,19,19,39,32,12,9,3,5,4,5,40,34,23,29,17,5
"2001-02","Leeds United",66,18,12,8,53,37,16,38,19,19,33,33,9,9,6,6,4,4,31,22,21,16,10,6
"2001-02","Chelsea",64,17,13,8,66,38,28,38,19,19,37,27,11,6,4,9,4,4,43,23,21,17,22,6
"2001-02","West Ham United",53,15,8,15,48,57,-9,38,19,19,40,13,12,3,4,4,3,12,32,16,14,43,18,-27
"2001-02","Aston Villa",50,12,14,12,46,47,-1,38,19,19,31,19,8,4,7,7,4,8,22,24,17,30,5,-6
"2001-02","Tottenham Hotspur",50,14,8,16,49,53,-4,38,19,19,34,16,10,4,4,4,5,11,32,17,24,29,8,-12
"2001-02","Blackburn Rovers",46,12,10,16,55,51,4,38,19,19,30,16,8,4,6,4,5,11,33,22,20,31,13,-9
"2001-02","Southampton",45,12,9,17,46,54,-8,38,19,19,26,19,7,5,5,4,7,10,23,23,22,32,1,-9
"2001-02","Middlesbrough",45,12,9,17,35,47,-12,38,19,19,26,19,7,5,5,4,7,10,23,12,26,21,-3,-9
"2001-02","Fulham",44,10,14,14,36,44,-8,38,19,19,28,16,7,3,7,7,5,9,21,15,16,28,5,-13
"2001-02","Charlton Athletic",44,10,14,14,38,49,-11,38,19,19,21,23,5,5,6,8,8,6,23,15,30,19,-7,-4
"2001-02","Everton",43,11,10,17,45,57,-12,38,19,19,28,15,8,3,4,6,7,10,26,19,23,34,3,-15
"2001-02","Bolton Wanderers",40,9,13,16,44,62,-18,38,19,19,22,18,5,4,7,6,7,9,20,24,31,31,-11,-7
"2001-02","Sunderland",40,10,10,18,29,51,-22,38,19,19,28,12,7,3,7,3,5,13,18,11,16,35,2,-24
"2001-02","Ipswich Town",36,9,9,20,41,64,-23,38,19,19,22,14,6,3,4,5,9,11,20,21,24,40,-4,-19
"2001-02","Derby County",30,8,6,24,33,63,-30,38,19,19,19,11,5,3,4,2,10,14,20,13,26,37,-6,-24
"2001-02","Leicester City",28,5,13,20,30,64,-34,38,19,19,16,12,3,2,7,6,9,11,15,15,34,30,-19,-15
"2000-01","Manchester United",80,24,8,6,79,31,48,38,19,19,47,33,15,9,2,6,2,4,49,30,12,19,37,11
"2000-01","Arsenal",70,20,10,8,63,38,25,38,19,19,48,22,15,5,3,7,1,7,45,18,13,25,32,-7
"2000-01","Liverpool",69,20,9,9,71,39,32,38,19,19,43,26,13,7,4,5,2,7,40,31,14,25,26,6
"2000-01","Leeds United",68,20,8,10,64,43,21,38,19,19,36,32,11,9,3,5,5,5,36,28,21,22,15,6
"2000-01","Ipswich Town",66,20,6,12,57,42,15,38,19,19,38,28,11,9,5,1,3,9,31,26,15,27,16,-1
"2000-01","Chelsea",61,17,10,11,68,45,23,38,19,19,42,19,13,4,3,7,3,8,44,24,20,25,24,-1
"2000-01","Sunderland",57,15,12,11,46,41,5,38,19,19,34,23,9,6,7,5,3,8,24,22,16,25,8,-3
"2000-01","Aston Villa",54,13,15,10,46,43,3,38,19,19,32,22,8,5,8,7,3,7,27,19,20,23,7,-4
"2000-01","Charlton Athletic",52,14,10,14,50,57,-7,38,19,19,38,14,11,3,5,5,3,11,31,19,19,38,12,-19
"2000-01","Southampton",52,14,10,14,40,48,-8,38,19,19,35,17,11,3,2,8,6,8,27,13,22,26,5,-13
"2000-01","Newcastle United",51,14,9,15,44,50,-6,38,19,19,34,17,10,4,4,5,5,10,26,18,17,33,9,-15
"2000-01","Tottenham Hotspur",49,13,10,15,47,54,-7,38,19,19,39,10,11,2,6,4,2,13,31,16,16,38,15,-22
"2000-01","Leicester City",48,14,6,18,39,51,-12,38,19,19,34,14,10,4,4,2,5,13,28,11,23,28,5,-17
"2000-01","Middlesbrough",42,9,15,14,44,44,0,38,19,19,19,23,4,5,7,8,8,6,18,26,23,21,-5,5
"2000-01","West Ham United",42,10,12,16,45,50,-5,38,19,19,24,18,6,4,6,6,7,9,24,21,20,30,4,-9
"2000-01","Everton",42,11,9,18,45,59,-14,38,19,19,26,16,6,5,8,1,5,13,29,16,27,32,2,-16
"2000-01","Derby County",42,10,12,16,37,59,-22,38,19,19,31,11,8,2,7,5,4,12,23,14,24,35,-1,-21
"2000-01","Manchester City",34,8,10,20,41,65,-24,38,19,19,15,19,4,4,3,7,12,8,20,21,31,34,-11,-13
"2000-01","Coventry City",34,8,10,20,36,63,-27,38,19,19,19,15,4,4,7,3,8,12,14,22,23,40,-9,-18
"2000-01","Bradford City",26,5,11,22,30,70,-40,38,19,19,19,7,4,1,7,4,8,14,20,10,29,41,-9,-31
"1999-00","Manchester United",91,28,7,3,97,45,52,38,19,19,49,42,15,13,4,3,0,3,59,38,16,29,43,9
"1999-00","Arsenal",73,22,7,9,73,43,30,38,19,19,45,28,14,8,3,4,2,7,42,31,17,26,25,5
"1999-00","Leeds United",69,21,6,11,58,43,15,38,19,19,38,31,12,9,2,4,5,6,29,29,18,25,11,4
"1999-00","Liverpool",67,19,10,9,51,30,21,38,19,19,37,30,11,8,4,6,4,5,28,23,13,17,15,6
"1999-00","Chelsea",65,18,11,9,53,34,19,38,19,19,41,24,12,6,5,6,2,7,35,18,12,22,23,-4
"1999-00","Aston Villa",58,15,13,10,46,35,11,38,19,19,32,26,8,7,8,5,3,7,23,23,12,23,11,0
"1999-00","Sunderland",58,16,10,12,57,56,1,38,19,19,36,22,10,6,6,4,3,9,28,29,17,39,11,-10
"1999-00","Leicester City",55,16,7,15,55,55,0,38,19,19,33,22,10,6,3,4,6,9,31,24,24,31,7,-7
"1999-00","West Ham United",55,15,10,13,52,53,-1,38,19,19,38,17,11,4,5,5,3,10,32,20,23,30,9,-10
"1999-00","Tottenham Hotspur",53,15,8,15,57,49,8,38,19,19,33,20,10,5,3,5,6,9,40,17,26,23,14,-6
"1999-00","Newcastle United",52,14,10,14,63,54,9,38,19,19,35,17,10,4,5,5,4,10,42,21,20,34,22,-13
"1999-00","Middlesbrough",52,14,10,14,46,52,-6,38,19,19,29,23,8,6,5,5,6,8,23,23,26,26,-3,-3
"1999-00","Everton",50,12,14,12,59,49,10,38,19,19,30,20,7,5,9,5,3,9,36,23,21,28,15,-5
"1999-00","Coventry City",44,12,8,18,47,54,-7,38,19,19,37,7,12,0,1,7,6,12,38,9,22,32,16,-23
"1999-00","Southampton",44,12,8,18,45,62,-17,38,19,19,28,16,8,4,4,4,7,11,26,19,22,40,4,-21
"1999-00","Derby County",38,9,11,18,44,57,-13,38,19,19,21,17,6,3,3,8,10,8,22,22,25,32,-3,-10
"1999-00","Bradford City",36,9,9,20,38,68,-30,38,19,19,26,10,6,3,8,1,5,15,26,12,29,39,-3,-27
"1999-00","Wimbledon FC",33,7,12,19,46,74,-28,38,19,19,25,8,6,1,7,5,6,13,30,16,28,46,2,-30
"1999-00","Sheffield Wednesday",31,8,7,23,38,70,-32,38,19,19,21,10,6,2,3,4,10,13,21,17,23,47,-2,-30
"1999-00","Watford",24,6,6,26,35,77,-42,38,19,19,19,5,5,1,4,2,10,16,24,11,31,46,-7,-35
"1998-99","Manchester United",79,22,13,3,80,37,43,38,19,19,46,33,14,8,4,9,1,2,45,35,18,19,27,16
"1998-99","Arsenal",78,22,12,4,59,17,42,38,19,19,47,31,14,8,5,7,0,4,34,25,5,12,29,13
"1998-99","Chelsea",75,20,15,3,57,30,27,38,19,19,42,33,12,8,6,9,1,2,29,28,13,17,16,11
"1998-99","Leeds United",67,18,13,7,62,34,28,38,19,19,41,26,12,6,5,8,2,5,32,30,9,25,23,5
"1998-99","West Ham United",57,16,9,13,46,53,-7,38,19,19,36,21,11,5,3,6,5,8,32,14,26,27,6,-13
"1998-99","Aston Villa",55,15,10,13,51,46,5,38,19,19,33,22,10,5,3,7,6,7,33,18,28,18,5,0
"1998-99","Liverpool",54,15,9,14,68,49,19,38,19,19,35,19,10,5,5,4,4,10,44,24,24,25,20,-1
"1998-99","Derby County",52,13,13,12,40,45,-5,38,19,19,31,21,8,5,7,6,4,8,22,18,19,26,3,-8
"1998-99","Middlesbrough",51,12,15,11,48,54,-6,38,19,19,30,21,7,5,9,6,3,8,25,23,18,36,7,-13
"1998-99","Leicester City",49,12,13,13,40,46,-6,38,19,19,27,22,7,5,6,7,6,7,25,15,25,21,0,-6
"1998-99","Tottenham Hotspur",47,11,14,13,47,50,-3,38,19,19,28,19,7,4,7,7,5,8,28,19,26,24,2,-5
"1998-99","Sheffield Wednesday",46,13,7,18,41,42,-1,38,19,19,26,20,7,6,5,2,7,11,20,21,15,27,5,-6
"1998-99","Newcastle United",46,11,13,14,48,54,-6,38,19,19,27,19,7,4,6,7,6,8,26,22,25,29,1,-7
"1998-99","Everton",43,11,10,17,42,47,-5,38,19,19,26,17,6,5,8,2,5,12,22,20,12,35,10,-15
"1998-99","Coventry City",42,11,9,18,39,51,-12,38,19,19,30,12,8,3,6,3,5,13,26,13,21,30,5,-17
"1998-99","Wimbledon FC",42,10,12,16,40,63,-23,38,19,19,28,14,7,3,7,5,5,11,22,18,21,42,1,-24
"1998-99","Southampton",41,11,8,19,37,64,-27,38,19,19,31,10,9,2,4,4,6,13,29,8,26,38,3,-30
"1998-99","Charlton Athletic",36,8,12,18,41,56,-15,38,19,19,19,17,4,4,7,5,8,10,20,21,20,36,0,-15
"1998-99","Blackburn Rovers",35,7,14,17,38,52,-14,38,19,19,23,12,6,1,5,9,8,9,21,17,24,28,-3,-11
"1998-99","Nottingham Forest",30,7,9,22,35,69,-34,38,19,19,16,14,3,4,7,2,9,13,18,17,31,38,-13,-21
"1997-98","Arsenal",78,23,9,6,68,33,35,38,19,19,47,31,15,8,2,7,2,4,43,25,10,23,33,2
"1997-98","Manchester United",77,23,8,7,73,26,47,38,19,19,43,34,13,10,4,4,2,5,42,31,9,17,33,14
"1997-98","Liverpool",65,18,11,9,68,42,26,38,19,19,41,24,13,5,2,9,4,5,42,26,16,26,26,0
"1997-98","Chelsea",63,20,3,15,71,43,28,38,19,19,41,22,13,7,2,1,4,11,37,34,14,29,23,5
"1997-98","Leeds United",59,17,8,13,57,46,11,38,19,19,32,27,9,8,5,3,5,8,31,26,21,25,10,1
"1997-98","Blackburn Rovers",58,16,10,12,57,52,5,38,19,19,37,21,11,5,4,6,4,8,40,17,26,26,14,-9
"1997-98","Aston Villa",57,17,6,15,49,48,1,38,19,19,30,27,9,8,3,3,7,8,26,23,24,24,2,-1
"1997-98","West Ham United",56,16,8,14,56,57,-1,38,19,19,43,13,13,3,4,4,2,12,40,16,18,39,22,-23
"1997-98","Derby County",55,16,7,15,52,49,3,38,19,19,39,16,12,4,3,4,4,11,33,19,18,31,15,-12
"1997-98","Leicester City",53,13,14,11,51,41,10,38,19,19,28,25,6,7,10,4,3,8,21,30,15,26,6,4
"1997-98","Coventry City",52,12,16,10,46,44,2,38,19,19,33,19,8,4,9,7,2,8,26,20,17,27,9,-7
"1997-98","Southampton",48,14,6,18,50,55,-5,38,19,19,31,17,10,4,1,5,8,10,28,22,23,32,5,-10
"1997-98","Newcastle United",44,11,11,16,35,44,-9,38,19,19,29,15,8,3,5,6,6,10,22,13,20,24,2,-11
"1997-98","Tottenham Hotspur",44,11,11,16,44,56,-12,38,19,19,29,15,7,4,8,3,4,12,23,21,22,34,1,-13
"1997-98","Wimbledon FC",44,10,14,14,34,46,-12,38,19,19,21,23,5,5,6,8,8,6,18,16,25,21,-7,-5
"1997-98","Sheffield Wednesday",44,12,8,18,52,67,-15,38,19,19,32,12,9,3,5,3,5,13,30,22,26,41,4,-19
"1997-98","Everton",40,9,13,16,41,56,-15,38,19,19,26,14,7,2,5,8,7,9,25,16,27,29,-2,-13
"1997-98","Bolton Wanderers",40,9,13,16,41,61,-20,38,19,19,29,11,7,2,8,5,4,12,25,16,22,39,3,-23
"1997-98","Barnsley",35,10,5,23,37,82,-45,38,19,19,25,10,7,3,4,1,8,15,25,12,35,47,-10,-35
"1997-98","Crystal Palace",33,8,9,21,37,71,-34,38,19,19,11,22,2,6,5,4,12,9,15,22,39,32,-24,-10
"1996-97","Manchester United",75,21,12,5,76,44,32,38,19,19,41,34,12,9,5,7,2,3,38,38,17,27,21,11
"1996-97","Newcastle United",68,19,11,8,73,40,33,38,19,19,42,26,13,6,3,8,3,5,54,19,20,20,34,-1
"1996-97","Arsenal",68,19,11,8,62,32,30,38,19,19,35,33,10,9,5,6,4,4,36,26,18,14,18,12
"1996-97","Liverpool",68,19,11,8,62,37,25,38,19,19,36,32,10,9,6,5,3,5,38,24,19,18,19,6
"1996-97","Aston Villa",61,17,10,11,47,34,13,38,19,19,38,23,11,6,5,5,3,8,27,20,13,21,14,-1
"1996-97","Chelsea",59,16,11,11,58,55,3,38,19,19,35,24,9,7,8,3,2,9,33,25,22,33,11,-8
"1996-97","Sheffield Wednesday",57,14,15,9,50,51,-1,38,19,19,34,23,8,6,10,5,1,8,25,25,16,35,9,-10
"1996-97","Wimbledon FC",56,15,11,12,49,46,3,38,19,19,33,23,9,6,6,5,4,8,28,21,21,25,7,-4
"1996-97","Leicester City",47,12,11,15,46,54,-8,38,19,19,26,21,7,5,5,6,7,8,22,24,26,28,-4,-4
"1996-97","Tottenham Hotspur",46,13,7,18,44,51,-7,38,19,19,28,18,8,5,4,3,7,11,19,25,17,34,2,-9
"1996-97","Leeds United",46,11,13,14,28,38,-10,38,19,19,28,18,7,4,7,6,5,9,15,13,13,25,2,-12
"1996-97","Derby County",46,11,13,14,45,58,-13,38,19,19,30,16,8,3,6,7,5,9,25,20,22,36,3,-16
"1996-97","Blackburn Rovers",42,9,15,14,42,43,-1,38,19,19,28,14,8,1,4,11,7,7,28,14,23,20,5,-6
"1996-97","West Ham United",42,10,12,16,39,48,-9,38,19,19,27,15,7,3,6,6,6,10,27,12,25,23,2,-11
"1996-97","Middlesbrough",42,10,12,16,51,60,-9,38,19,19,29,13,8,2,5,7,6,10,34,17,25,35,9,-18
"1996-97","Everton",42,10,12,16,44,57,-13,38,19,19,25,17,7,3,4,8,8,8,24,20,22,35,2,-15
"1996-97","Southampton",41,10,11,17,50,56,-6,38,19,19,25,16,6,4,7,4,6,11,32,18,24,32,8,-14
"1996-97","Coventry City",41,9,14,15,38,54,-16,38,19,19,20,21,4,5,8,6,7,8,19,19,23,31,-4,-12
"1996-97","Sunderland",40,10,10,18,35,53,-18,38,19,19,27,13,7,3,6,4,6,12,20,15,18,35,2,-20
"1996-97","Nottingham Forest",34,6,16,16,31,59,-28,38,19,19,18,16,3,3,9,7,7,9,15,16,27,32,-12,-16
"1995-96","Manchester United",82,25,7,6,73,35,38,38,19,19,49,33,15,10,4,3,0,6,36,37,9,26,27,11
"1995-96","Newcastle United",78,24,6,8,66,37,29,38,19,19,52,26,17,7,1,5,1,7,38,28,9,28,29,0
"1995-96","Liverpool",71,20,11,7,70,34,36,38,19,19,46,25,14,6,4,7,1,6,46,24,13,21,33,3
"1995-96","Arsenal",63,17,12,9,49,32,17,38,19,19,37,26,10,7,7,5,2,7,30,19,16,16,14,3
"1995-96","Aston Villa",63,18,9,11,52,35,17,38,19,19,38,25,11,7,5,4,3,8,32,20,15,20,17,0
"1995-96","Everton",61,17,10,11,64,44,20,38,19,19,35,26,10,7,5,5,4,7,35,29,19,25,16,4
"1995-96","Blackburn Rovers",61,18,7,13,61,47,14,38,19,19,44,17,14,4,2,5,3,10,44,17,19,28,25,-11
"1995-96","Tottenham Hotspur",61,16,13,9,50,38,12,38,19,19,32,29,9,7,5,8,5,4,26,24,19,19,7,5
"1995-96","Nottingham Forest",58,15,13,10,50,54,-4,38,19,19,39,19,11,4,6,7,2,8,29,21,17,37,12,-16
"1995-96","West Ham United",51,14,9,15,43,52,-9,38,19,19,32,19,9,5,5,4,5,10,25,18,21,31,4,-13
"1995-96","Chelsea",50,12,14,12,46,44,2,38,19,19,28,22,7,5,7,7,5,7,30,16,22,22,8,-6
"1995-96","Middlesbrough",43,11,10,17,35,50,-15,38,19,19,27,16,8,3,3,7,8,9,27,8,27,23,0,-15
"1995-96","Leeds United",43,12,7,19,40,57,-17,38,19,19,27,16,8,4,3,4,8,11,21,19,21,36,0,-17
"1995-96","Wimbledon FC",41,10,11,17,55,70,-15,38,19,19,21,20,5,5,6,5,8,9,27,28,33,37,-6,-9
"1995-96","Sheffield Wednesday",40,10,10,18,48,61,-13,38,19,19,26,14,7,3,5,5,7,11,30,18,31,30,-1,-12
"1995-96","Coventry City",38,8,14,16,42,60,-18,38,19,19,25,13,6,2,7,7,6,10,21,21,23,37,-2,-16
"1995-96","Southampton",38,9,11,18,34,52,-18,38,19,19,28,10,7,2,7,4,5,13,21,13,18,34,3,-21
"1995-96","Manchester City",38,9,11,18,33,58,-25,38,19,19,28,10,7,2,7,4,5,13,21,12,19,39,2,-27
"1995-96","Queens Park Rangers",33,9,6,23,38,57,-19,38,19,19,23,10,6,3,5,1,8,15,25,13,26,31,-1,-18
"1995-96","Bolton Wanderers",29,8,5,25,39,71,-32,38,19,19,19,10,5,3,4,1,10,15,16,23,31,40,-15,-17
"1994-95","Blackburn Rovers",89,27,8,7,80,39,41,42,21,21,53,36,17,10,2,6,2,5,54,26,21,18,33,8
"1994-95","Manchester United",88,26,10,6,77,28,49,42,21,21,52,36,16,10,4,6,1,5,42,35,4,24,38,11
"1994-95","Nottingham Forest",77,22,11,9,72,43,29,42,21,21,42,35,12,10,6,5,3,6,36,36,18,25,18,11
"1994-95","Liverpool",74,21,11,10,65,37,28,42,21,21,44,30,13,8,5,6,3,7,38,27,13,24,25,3
"1994-95","Leeds United",73,20,13,9,59,38,21,42,21,21,44,29,13,7,5,8,3,6,35,24,15,23,20,1
"1994-95","Newcastle United",72,20,12,10,67,47,20,42,21,21,48,24,14,6,6,6,1,9,46,21,20,27,26,-6
"1994-95","Tottenham Hotspur",62,16,14,12,66,58,8,42,21,21,35,27,10,6,5,9,6,6,32,34,25,33,7,1
"1994-95","Queens Park Rangers",60,17,9,16,61,59,2,42,21,21,36,24,11,6,3,6,7,9,36,25,26,33,10,-8
"1994-95","Wimbledon FC",56,15,11,16,48,65,-17,42,21,21,32,24,9,6,5,6,7,9,26,22,26,39,0,-17
"1994-95","Southampton",54,12,18,12,61,63,-2,42,21,21,33,21,8,4,9,9,4,8,33,28,27,36,6,-8
"1994-95","Chelsea",54,13,15,14,50,55,-5,42,21,21,28,26,7,6,7,8,7,7,25,25,22,33,3,-8
"1994-95","Arsenal",51,13,12,17,52,49,3,42,21,21,27,24,6,7,9,3,6,11,27,25,21,28,6,-3
"1994-95","Sheffield Wednesday",51,13,12,17,49,57,-8,42,21,21,28,23,7,6,7,5,7,10,26,23,26,31,0,-8
"1994-95","West Ham United",50,13,11,18,44,48,-4,42,21,21,33,17,9,4,6,5,6,12,28,16,19,29,9,-13
"1994-95","Everton",50,11,17,14,44,51,-7,42,21,21,33,17,8,3,9,8,4,10,31,13,23,28,8,-15
"1994-95","Coventry City",50,12,14,16,44,62,-18,42,21,21,28,22,7,5,7,7,7,9,23,21,25,37,-2,-16
"1994-95","Manchester City",49,12,13,17,53,64,-11,42,21,21,31,18,8,4,7,6,6,11,37,16,28,36,9,-20
"1994-95","Aston Villa",48,11,15,16,51,56,-5,42,21,21,27,21,6,5,9,6,6,10,27,24,24,32,3,-8
"1994-95","Crystal Palace",45,11,12,19,34,49,-15,42,21,21,24,21,6,5,6,6,9,10,16,18,23,26,-7,-8
"1994-95","Norwich City",43,10,13,19,37,54,-17,42,21,21,32,11,8,2,8,5,5,14,27,10,21,33,6,-23
"1994-95","Leicester City",29,6,11,25,45,80,-35,42,21,21,21,8,5,1,6,5,10,15,28,17,37,43,-9,-26
"1994-95","Ipswich Town",27,7,6,29,36,93,-57,42,21,21,18,9,5,2,3,3,13,16,24,12,34,59,-10,-47
"1993-94","Manchester United",92,27,11,4,80,38,42,42,21,21,48,44,14,13,6,5,1,3,39,41,13,25,26,16
"1993-94","Blackburn Rovers",84,25,9,8,63,36,27,42,21,21,47,37,14,11,5,4,2,6,31,32,11,25,20,7
"1993-94","Newcastle United",77,23,8,11,82,41,41,42,21,21,46,31,14,9,4,4,3,8,51,31,14,27,37,4
"1993-94","Arsenal",71,18,17,7,53,28,25,42,21,21,38,33,10,8,8,9,3,4,25,28,15,13,10,15
"1993-94","Leeds United",70,18,16,8,65,39,26,42,21,21,45,25,13,5,6,10,2,6,37,28,18,21,19,7
"1993-94","Wimbledon FC",65,18,11,13,56,53,3,42,21,21,41,24,12,6,5,6,4,9,35,21,21,32,14,-11
"1993-94","Sheffield Wednesday",64,16,16,10,76,54,22,42,21,21,37,27,10,6,7,9,4,6,48,28,24,30,24,-2
"1993-94","Liverpool",60,17,9,16,59,55,4,42,21,21,40,20,12,5,4,5,5,11,33,26,23,32,10,-6
"1993-94","Queens Park Rangers",60,16,12,14,62,61,1,42,21,21,31,29,8,8,7,5,6,8,32,30,29,32,3,-2
"1993-94","Aston Villa",57,15,12,15,46,50,-4,42,21,21,29,28,8,7,5,7,8,7,23,23,18,32,5,-9
"1993-94","Coventry City",56,14,14,14,43,45,-2,42,21,21,34,22,9,5,7,7,5,9,23,20,17,28,6,-8
"1993-94","Norwich City",53,12,17,13,65,61,4,42,21,21,21,32,4,8,9,8,8,5,26,39,29,32,-3,7
"1993-94","West Ham United",52,13,13,16,47,58,-11,42,21,21,25,27,6,7,7,6,8,8,26,21,31,27,-5,-6
"1993-94","Chelsea",51,13,12,17,49,53,-4,42,21,21,38,13,11,2,5,7,5,12,31,18,20,33,11,-15
"1993-94","Tottenham Hotspur",45,11,12,19,54,59,-5,42,21,21,20,25,4,7,8,4,9,10,29,25,33,26,-4,-1
"1993-94","Manchester City",45,9,18,15,38,49,-11,42,21,21,28,17,6,3,10,8,5,10,24,14,22,27,2,-13
"1993-94","Everton",44,12,8,22,42,63,-21,42,21,21,28,16,8,4,4,4,9,13,26,16,30,33,-4,-17
"1993-94","Southampton",43,12,7,23,49,66,-17,42,21,21,29,14,9,3,2,5,10,13,30,19,31,35,-1,-16
"1993-94","Ipswich Town",43,9,16,17,35,58,-23,42,21,21,23,20,5,4,8,8,8,9,21,14,32,26,-11,-12
"1993-94","Sheffield United",42,8,18,16,42,60,-18,42,21,21,28,14,6,2,10,8,5,11,24,18,23,37,1,-19
"1993-94","Oldham Athletic",40,9,13,20,42,68,-26,42,21,21,23,17,5,4,8,5,8,12,24,18,33,35,-9,-17
"1993-94","Swindon Town",30,5,15,22,47,100,-53,42,21,21,19,11,4,1,7,8,10,12,25,22,45,55,-20,-33
"1992-93","Manchester United",84,24,12,6,67,31,36,42,21,21,47,37,14,10,5,7,2,4,39,28,14,17,25,11
"1992-93","Aston Villa",74,21,11,10,57,40,17,42,21,21,44,30,13,8,5,6,3,7,36,21,16,24,20,-3
"1992-93","Norwich City",72,21,9,12,61,65,-4,42,21,21,45,27,13,8,6,3,2,10,31,30,19,46,12,-16
"1992-93","Blackburn Rovers",71,20,11,11,68,46,22,42,21,21,43,28,13,7,4,7,4,7,38,30,18,28,20,2
"1992-93","Queens Park Rangers",63,17,12,13,63,55,8,42,21,21,38,25,11,6,5,7,5,8,41,22,32,23,9,-1
"1992-93","Liverpool",59,16,11,15,62,55,7,42,21,21,43,16,13,3,4,7,4,11,41,21,18,37,23,-16
"1992-93","Sheffield Wednesday",59,15,14,13,55,51,4,42,21,21,35,24,9,6,8,6,4,9,34,21,26,25,8,-4
"1992-93","Tottenham Hotspur",59,16,11,15,60,66,-6,42,21,21,38,21,11,5,5,6,5,10,40,20,25,41,15,-21
"1992-93","Manchester City",57,15,12,15,56,51,5,42,21,21,29,28,7,8,8,4,6,9,30,26,25,26,5,0
"1992-93","Arsenal",56,15,11,16,40,38,2,42,21,21,30,26,8,7,6,5,7,9,25,15,20,18,5,-3
"1992-93","Chelsea",56,14,14,14,51,54,-3,42,21,21,34,22,9,5,7,7,5,9,29,22,22,32,7,-10
"1992-93","Wimbledon FC",54,14,12,16,56,55,1,42,21,21,31,23,9,5,4,8,8,8,32,24,23,32,9,-8
"1992-93","Everton",53,15,8,19,53,55,-2,42,21,21,27,26,7,8,6,2,8,11,26,27,27,28,-1,-1
"1992-93","Sheffield United",52,14,10,18,54,53,1,42,21,21,36,16,10,4,6,4,5,13,33,21,19,34,14,-13
"1992-93","Coventry City",52,13,13,16,52,57,-5,42,21,21,25,27,7,6,4,9,10,6,29,23,28,29,1,-6
"1992-93","Ipswich Town",52,12,16,14,50,55,-5,42,21,21,33,19,8,4,9,7,4,10,29,21,22,33,7,-12
"1992-93","Leeds United",51,12,15,15,57,62,-5,42,21,21,44,7,12,0,8,7,1,14,40,17,17,45,23,-28
"1992-93","Southampton",50,13,11,18,54,61,-7,42,21,21,36,14,10,3,6,5,5,13,30,24,21,40,9,-16
"1992-93","Oldham Athletic",49,13,10,19,63,74,-11,42,21,21,36,13,10,3,6,4,5,14,43,20,30,44,13,-24
"1992-93","Crystal Palace",49,11,16,15,48,61,-13,42,21,21,27,22,6,5,9,7,6,9,27,21,25,36,2,-15
"1992-93","Middlesbrough",44,11,11,20,54,75,-21,42,21,21,29,15,8,3,5,6,8,12,33,21,27,48,6,-27
"1992-93","Nottingham Forest",40,10,10,22,41,62,-21,42,21,21,22,18,6,4,4,6,11,11,17,24,25,37,-8,-13
